検索キーワード：red apples in a basket


CG:Google  [ 3.  6.  8. 11. 13. 14. 17. 20. 23. 24. 24. 27. 30. 32. 35. 38. 41. 41.
 41. 41.]
CG:Bing  [ 3.  6.  8.  8. 11. 13. 14. 15. 17. 20. 23. 26. 27. 30. 31. 33. 36. 38.
 38. 41.]

DCG:Google  [ 3.          6.          7.26185951  8.76185951  9.62321262 10.01006543
 11.07868699 12.07868699 13.02508162 13.32611162 13.32611162 14.16294045
 14.97365492 15.49895399 16.26682806 17.01682806 17.75077969 17.75077969
 17.75077969 17.75077969]
DCG:Bing  [ 3.          6.          7.26185951  7.26185951  8.55388918  9.3275948
  9.68380198 10.01713532 10.64806507 11.55115506 12.41834954 13.25517837
 13.52541653 14.31336513 14.56932316 15.06932316 15.80327478 16.28289972
 16.28289972 16.97703436]

nDCG:Google  [1.         1.         0.92006251 0.93282829 0.90064349 0.84506092
 0.85788198 0.86809601 0.87649641 0.8453786  0.80129695 0.82397462
 0.8445835  0.84905587 0.87879885 0.90706601 0.94618861 0.94618861
 0.94618861 0.94618861]
nDCG:Bing  [1.         1.         0.92006251 0.77313131 0.80056473 0.78744598
 0.74986858 0.71993216 0.71653991 0.74704542 0.77418317 0.79857837
 0.78916271 0.81030158 0.81301108 0.82934261 0.85818088 0.87285938
 0.87285938 0.91006908]