検索キーワード：white horse in the tokyo racetrack



CG:Google  [ 3.  5.  7. 10. 12. 15. 18. 21. 24. 24. 26. 26. 26. 26. 26. 26. 26. 29.
 29. 29.]
CG:Bing  [3. 3. 3. 3. 3. 3. 3. 3. 3. 3. 3. 5. 5. 5. 5. 5. 5. 5. 7. 7.]

DCG:Google  [ 3.          5.          6.26185951  7.76185951  8.62321262  9.78377104
 10.85239261 11.85239261 12.79878724 12.79878724 13.37691689 13.37691689
 13.37691689 13.37691689 13.37691689 13.37691689 13.37691689 14.09635429
 14.09635429 14.09635429]
DCG:Bing  [3.         3.         3.         3.         3.         3.
 3.         3.         3.         3.         3.         3.55788589
 3.55788589 3.55788589 3.55788589 3.55788589 3.55788589 3.55788589
 4.02870372 4.02870372]

nDCG:Google  [1.         0.83333333 0.79336459 0.82636364 0.80705276 0.82595689
 0.8403588  0.87274019 0.90058765 0.86398576 0.86909458 0.86909458
 0.86909458 0.86909458 0.86909458 0.86909458 0.86909458 0.91583623
 0.91583623 0.91583623]
nDCG:Bing  [1.         0.6        0.47909091 0.47909091 0.47909091 0.47909091
 0.47909091 0.47909091 0.47909091 0.47909091 0.47909091 0.5681836
 0.5681836  0.5681836  0.5681836  0.5681836  0.5681836  0.5681836
 0.64337178 0.64337178]